2022/03/31-21:43:03.215089 7f1c5a344000 RocksDB version: 6.20.3
2022/03/31-21:43:03.215107 7f1c5a344000 Git sha 8608d75d85f8e1b3b64b73a4fb6d19baec61ba5c
2022/03/31-21:43:03.215109 7f1c5a344000 Compile date 2021-05-05 20:35:30
2022/03/31-21:43:03.215154 7f1c5a344000 DB SUMMARY
2022/03/31-21:43:03.215156 7f1c5a344000 DB Session ID:  784KM7YI9KO7NIZV2T4H
2022/03/31-21:43:03.215170 7f1c5a344000 CURRENT file:  CURRENT
2022/03/31-21:43:03.215171 7f1c5a344000 IDENTITY file:  IDENTITY
2022/03/31-21:43:03.215173 7f1c5a344000 MANIFEST file:  MANIFEST-000004 size: 1376 Bytes
2022/03/31-21:43:03.215174 7f1c5a344000 SST files in test-ledger/rocksdb dir, Total Num: 0, files: 
2022/03/31-21:43:03.215174 7f1c5a344000 Write Ahead Log file in test-ledger/rocksdb: 000005.log size: 3922 ; 
2022/03/31-21:43:03.215176 7f1c5a344000                         Options.error_if_exists: 0
2022/03/31-21:43:03.215177 7f1c5a344000                       Options.create_if_missing: 1
2022/03/31-21:43:03.215177 7f1c5a344000                         Options.paranoid_checks: 1
2022/03/31-21:43:03.215178 7f1c5a344000                               Options.track_and_verify_wals_in_manifest: 0
2022/03/31-21:43:03.215179 7f1c5a344000                                     Options.env: 0x5577c59fd420
2022/03/31-21:43:03.215180 7f1c5a344000                                      Options.fs: Posix File System
2022/03/31-21:43:03.215180 7f1c5a344000                                Options.info_log: 0x5577c5e9ece0
2022/03/31-21:43:03.215181 7f1c5a344000                Options.max_file_opening_threads: 16
2022/03/31-21:43:03.215182 7f1c5a344000                              Options.statistics: (nil)
2022/03/31-21:43:03.215182 7f1c5a344000                               Options.use_fsync: 0
2022/03/31-21:43:03.215183 7f1c5a344000                       Options.max_log_file_size: 0
2022/03/31-21:43:03.215184 7f1c5a344000                  Options.max_manifest_file_size: 1073741824
2022/03/31-21:43:03.215185 7f1c5a344000                   Options.log_file_time_to_roll: 0
2022/03/31-21:43:03.215185 7f1c5a344000                       Options.keep_log_file_num: 1000
2022/03/31-21:43:03.215186 7f1c5a344000                    Options.recycle_log_file_num: 0
2022/03/31-21:43:03.215187 7f1c5a344000                         Options.allow_fallocate: 1
2022/03/31-21:43:03.215187 7f1c5a344000                        Options.allow_mmap_reads: 0
2022/03/31-21:43:03.215188 7f1c5a344000                       Options.allow_mmap_writes: 0
2022/03/31-21:43:03.215189 7f1c5a344000                        Options.use_direct_reads: 0
2022/03/31-21:43:03.215189 7f1c5a344000                        Options.use_direct_io_for_flush_and_compaction: 0
2022/03/31-21:43:03.215190 7f1c5a344000          Options.create_missing_column_families: 1
2022/03/31-21:43:03.215190 7f1c5a344000                              Options.db_log_dir: 
2022/03/31-21:43:03.215191 7f1c5a344000                                 Options.wal_dir: test-ledger/rocksdb
2022/03/31-21:43:03.215191 7f1c5a344000                Options.table_cache_numshardbits: 6
2022/03/31-21:43:03.215192 7f1c5a344000                         Options.WAL_ttl_seconds: 0
2022/03/31-21:43:03.215193 7f1c5a344000                       Options.WAL_size_limit_MB: 0
2022/03/31-21:43:03.215193 7f1c5a344000                        Options.max_write_batch_group_size_bytes: 1048576
2022/03/31-21:43:03.215194 7f1c5a344000             Options.manifest_preallocation_size: 4194304
2022/03/31-21:43:03.215194 7f1c5a344000                     Options.is_fd_close_on_exec: 1
2022/03/31-21:43:03.215195 7f1c5a344000                   Options.advise_random_on_open: 1
2022/03/31-21:43:03.215196 7f1c5a344000                    Options.db_write_buffer_size: 0
2022/03/31-21:43:03.215196 7f1c5a344000                    Options.write_buffer_manager: 0x5577c5e3d100
2022/03/31-21:43:03.215197 7f1c5a344000         Options.access_hint_on_compaction_start: 1
2022/03/31-21:43:03.215197 7f1c5a344000  Options.new_table_reader_for_compaction_inputs: 0
2022/03/31-21:43:03.215198 7f1c5a344000           Options.random_access_max_buffer_size: 1048576
2022/03/31-21:43:03.215199 7f1c5a344000                      Options.use_adaptive_mutex: 0
2022/03/31-21:43:03.215227 7f1c5a344000                            Options.rate_limiter: (nil)
2022/03/31-21:43:03.215229 7f1c5a344000     Options.sst_file_manager.rate_bytes_per_sec: 0
2022/03/31-21:43:03.215230 7f1c5a344000                       Options.wal_recovery_mode: 2
2022/03/31-21:43:03.215231 7f1c5a344000                  Options.enable_thread_tracking: 0
2022/03/31-21:43:03.215231 7f1c5a344000                  Options.enable_pipelined_write: 0
2022/03/31-21:43:03.215232 7f1c5a344000                  Options.unordered_write: 0
2022/03/31-21:43:03.215232 7f1c5a344000         Options.allow_concurrent_memtable_write: 1
2022/03/31-21:43:03.215233 7f1c5a344000      Options.enable_write_thread_adaptive_yield: 1
2022/03/31-21:43:03.215234 7f1c5a344000             Options.write_thread_max_yield_usec: 100
2022/03/31-21:43:03.215234 7f1c5a344000            Options.write_thread_slow_yield_usec: 3
2022/03/31-21:43:03.215235 7f1c5a344000                               Options.row_cache: None
2022/03/31-21:43:03.215235 7f1c5a344000                              Options.wal_filter: None
2022/03/31-21:43:03.215236 7f1c5a344000             Options.avoid_flush_during_recovery: 0
2022/03/31-21:43:03.215236 7f1c5a344000             Options.allow_ingest_behind: 0
2022/03/31-21:43:03.215237 7f1c5a344000             Options.preserve_deletes: 0
2022/03/31-21:43:03.215238 7f1c5a344000             Options.two_write_queues: 0
2022/03/31-21:43:03.215238 7f1c5a344000             Options.manual_wal_flush: 0
2022/03/31-21:43:03.215239 7f1c5a344000             Options.atomic_flush: 0
2022/03/31-21:43:03.215239 7f1c5a344000             Options.avoid_unnecessary_blocking_io: 0
2022/03/31-21:43:03.215240 7f1c5a344000                 Options.persist_stats_to_disk: 0
2022/03/31-21:43:03.215240 7f1c5a344000                 Options.write_dbid_to_manifest: 0
2022/03/31-21:43:03.215241 7f1c5a344000                 Options.log_readahead_size: 0
2022/03/31-21:43:03.215242 7f1c5a344000                 Options.file_checksum_gen_factory: Unknown
2022/03/31-21:43:03.215242 7f1c5a344000                 Options.best_efforts_recovery: 0
2022/03/31-21:43:03.215243 7f1c5a344000                Options.max_bgerror_resume_count: 2147483647
2022/03/31-21:43:03.215243 7f1c5a344000            Options.bgerror_resume_retry_interval: 1000000
2022/03/31-21:43:03.215244 7f1c5a344000             Options.allow_data_in_errors: 0
2022/03/31-21:43:03.215245 7f1c5a344000             Options.db_host_id: __hostname__
2022/03/31-21:43:03.215245 7f1c5a344000             Options.max_background_jobs: 16
2022/03/31-21:43:03.215246 7f1c5a344000             Options.max_background_compactions: -1
2022/03/31-21:43:03.215246 7f1c5a344000             Options.max_subcompactions: 1
2022/03/31-21:43:03.215247 7f1c5a344000             Options.avoid_flush_during_shutdown: 0
2022/03/31-21:43:03.215248 7f1c5a344000           Options.writable_file_max_buffer_size: 1048576
2022/03/31-21:43:03.215248 7f1c5a344000             Options.delayed_write_rate : 16777216
2022/03/31-21:43:03.215249 7f1c5a344000             Options.max_total_wal_size: 4294967296
2022/03/31-21:43:03.215249 7f1c5a344000             Options.delete_obsolete_files_period_micros: 21600000000
2022/03/31-21:43:03.215250 7f1c5a344000                   Options.stats_dump_period_sec: 600
2022/03/31-21:43:03.215251 7f1c5a344000                 Options.stats_persist_period_sec: 600
2022/03/31-21:43:03.215251 7f1c5a344000                 Options.stats_history_buffer_size: 1048576
2022/03/31-21:43:03.215252 7f1c5a344000                          Options.max_open_files: -1
2022/03/31-21:43:03.215252 7f1c5a344000                          Options.bytes_per_sync: 0
2022/03/31-21:43:03.215253 7f1c5a344000                      Options.wal_bytes_per_sync: 0
2022/03/31-21:43:03.215253 7f1c5a344000                   Options.strict_bytes_per_sync: 0
2022/03/31-21:43:03.215254 7f1c5a344000       Options.compaction_readahead_size: 0
2022/03/31-21:43:03.215255 7f1c5a344000                  Options.max_background_flushes: -1
2022/03/31-21:43:03.215263 7f1c5a344000 Compression algorithms supported:
2022/03/31-21:43:03.215263 7f1c5a344000 	kZSTDNotFinalCompression supported: 0
2022/03/31-21:43:03.215264 7f1c5a344000 	kZSTD supported: 0
2022/03/31-21:43:03.215265 7f1c5a344000 	kXpressCompression supported: 0
2022/03/31-21:43:03.215266 7f1c5a344000 	kLZ4HCCompression supported: 1
2022/03/31-21:43:03.215266 7f1c5a344000 	kLZ4Compression supported: 1
2022/03/31-21:43:03.215267 7f1c5a344000 	kBZip2Compression supported: 0
2022/03/31-21:43:03.215268 7f1c5a344000 	kZlibCompression supported: 0
2022/03/31-21:43:03.215268 7f1c5a344000 	kSnappyCompression supported: 0
2022/03/31-21:43:03.215269 7f1c5a344000 Fast CRC32 supported: Not supported on x86
2022/03/31-21:43:03.215294 7f1c5a344000 [db/version_set.cc:4627] Recovering from manifest file: test-ledger/rocksdb/MANIFEST-000004
2022/03/31-21:43:03.215360 7f1c5a344000 [db/column_family.cc:598] --------------- Options for column family [default]:
2022/03/31-21:43:03.215361 7f1c5a344000               Options.comparator: leveldb.BytewiseComparator
2022/03/31-21:43:03.215362 7f1c5a344000           Options.merge_operator: None
2022/03/31-21:43:03.215362 7f1c5a344000        Options.compaction_filter: None
2022/03/31-21:43:03.215363 7f1c5a344000        Options.compaction_filter_factory: None
2022/03/31-21:43:03.215363 7f1c5a344000  Options.sst_partitioner_factory: None
2022/03/31-21:43:03.215364 7f1c5a344000         Options.memtable_factory: SkipListFactory
2022/03/31-21:43:03.215365 7f1c5a344000            Options.table_factory: BlockBasedTable
2022/03/31-21:43:03.215379 7f1c5a344000            table_factory options:   flush_block_policy_factory: FlushBlockBySizePolicyFactory (0x5577c5dce020)
  cache_index_and_filter_blocks: 0
  cache_index_and_filter_blocks_with_high_priority: 1
  pin_l0_filter_and_index_blocks_in_cache: 0
  pin_top_level_index_and_filter: 1
  index_type: 0
  data_block_index_type: 0
  index_shortening: 1
  data_block_hash_table_util_ratio: 0.750000
  hash_index_allow_collision: 1
  checksum: 1
  no_block_cache: 0
  block_cache: 0x5577c5dce070
  block_cache_name: LRUCache
  block_cache_options:
    capacity : 8388608
    num_shard_bits : 4
    strict_capacity_limit : 0
    memory_allocator : None
    high_pri_pool_ratio: 0.000
  block_cache_compressed: (nil)
  persistent_cache: (nil)
  block_size: 4096
  block_size_deviation: 10
  block_restart_interval: 16
  index_block_restart_interval: 1
  metadata_block_size: 4096
  partition_filters: 0
  use_delta_encoding: 1
  filter_policy: nullptr
  whole_key_filtering: 1
  verify_compression: 0
  read_amp_bytes_per_bit: 0
  format_version: 5
  enable_index_compression: 1
  block_align: 0
2022/03/31-21:43:03.215380 7f1c5a344000        Options.write_buffer_size: 67108864
2022/03/31-21:43:03.215381 7f1c5a344000  Options.max_write_buffer_number: 2
2022/03/31-21:43:03.215381 7f1c5a344000          Options.compression: NoCompression
2022/03/31-21:43:03.215382 7f1c5a344000                  Options.bottommost_compression: Disabled
2022/03/31-21:43:03.215383 7f1c5a344000       Options.prefix_extractor: nullptr
2022/03/31-21:43:03.215383 7f1c5a344000   Options.memtable_insert_with_hint_prefix_extractor: nullptr
2022/03/31-21:43:03.215384 7f1c5a344000             Options.num_levels: 7
2022/03/31-21:43:03.215384 7f1c5a344000        Options.min_write_buffer_number_to_merge: 1
2022/03/31-21:43:03.215385 7f1c5a344000     Options.max_write_buffer_number_to_maintain: 0
2022/03/31-21:43:03.215386 7f1c5a344000     Options.max_write_buffer_size_to_maintain: 0
2022/03/31-21:43:03.215386 7f1c5a344000            Options.bottommost_compression_opts.window_bits: -14
2022/03/31-21:43:03.215387 7f1c5a344000                  Options.bottommost_compression_opts.level: 32767
2022/03/31-21:43:03.215387 7f1c5a344000               Options.bottommost_compression_opts.strategy: 0
2022/03/31-21:43:03.215388 7f1c5a344000         Options.bottommost_compression_opts.max_dict_bytes: 0
2022/03/31-21:43:03.215389 7f1c5a344000         Options.bottommost_compression_opts.zstd_max_train_bytes: 0
2022/03/31-21:43:03.215412 7f1c5a344000         Options.bottommost_compression_opts.parallel_threads: 1
2022/03/31-21:43:03.215414 7f1c5a344000                  Options.bottommost_compression_opts.enabled: false
2022/03/31-21:43:03.215414 7f1c5a344000         Options.bottommost_compression_opts.max_dict_buffer_bytes: 0
2022/03/31-21:43:03.215415 7f1c5a344000            Options.compression_opts.window_bits: -14
2022/03/31-21:43:03.215416 7f1c5a344000                  Options.compression_opts.level: 32767
2022/03/31-21:43:03.215417 7f1c5a344000               Options.compression_opts.strategy: 0
2022/03/31-21:43:03.215417 7f1c5a344000         Options.compression_opts.max_dict_bytes: 0
2022/03/31-21:43:03.215418 7f1c5a344000         Options.compression_opts.zstd_max_train_bytes: 0
2022/03/31-21:43:03.215418 7f1c5a344000         Options.compression_opts.parallel_threads: 1
2022/03/31-21:43:03.215419 7f1c5a344000                  Options.compression_opts.enabled: false
2022/03/31-21:43:03.215420 7f1c5a344000         Options.compression_opts.max_dict_buffer_bytes: 0
2022/03/31-21:43:03.215420 7f1c5a344000      Options.level0_file_num_compaction_trigger: 4
2022/03/31-21:43:03.215421 7f1c5a344000          Options.level0_slowdown_writes_trigger: 20
2022/03/31-21:43:03.215422 7f1c5a344000              Options.level0_stop_writes_trigger: 36
2022/03/31-21:43:03.215422 7f1c5a344000                   Options.target_file_size_base: 67108864
2022/03/31-21:43:03.215423 7f1c5a344000             Options.target_file_size_multiplier: 1
2022/03/31-21:43:03.215423 7f1c5a344000                Options.max_bytes_for_level_base: 268435456
2022/03/31-21:43:03.215424 7f1c5a344000 Options.level_compaction_dynamic_level_bytes: 0
2022/03/31-21:43:03.215424 7f1c5a344000          Options.max_bytes_for_level_multiplier: 10.000000
2022/03/31-21:43:03.215426 7f1c5a344000 Options.max_bytes_for_level_multiplier_addtl[0]: 1
2022/03/31-21:43:03.215427 7f1c5a344000 Options.max_bytes_for_level_multiplier_addtl[1]: 1
2022/03/31-21:43:03.215427 7f1c5a344000 Options.max_bytes_for_level_multiplier_addtl[2]: 1
2022/03/31-21:43:03.215428 7f1c5a344000 Options.max_bytes_for_level_multiplier_addtl[3]: 1
2022/03/31-21:43:03.215429 7f1c5a344000 Options.max_bytes_for_level_multiplier_addtl[4]: 1
2022/03/31-21:43:03.215429 7f1c5a344000 Options.max_bytes_for_level_multiplier_addtl[5]: 1
2022/03/31-21:43:03.215430 7f1c5a344000 Options.max_bytes_for_level_multiplier_addtl[6]: 1
2022/03/31-21:43:03.215430 7f1c5a344000       Options.max_sequential_skip_in_iterations: 8
2022/03/31-21:43:03.215431 7f1c5a344000                    Options.max_compaction_bytes: 1677721600
2022/03/31-21:43:03.215431 7f1c5a344000                        Options.arena_block_size: 8388608
2022/03/31-21:43:03.215432 7f1c5a344000   Options.soft_pending_compaction_bytes_limit: 68719476736
2022/03/31-21:43:03.215433 7f1c5a344000   Options.hard_pending_compaction_bytes_limit: 274877906944
2022/03/31-21:43:03.215433 7f1c5a344000       Options.rate_limit_delay_max_milliseconds: 100
2022/03/31-21:43:03.215434 7f1c5a344000                Options.disable_auto_compactions: 0
2022/03/31-21:43:03.215435 7f1c5a344000                        Options.compaction_style: kCompactionStyleLevel
2022/03/31-21:43:03.215436 7f1c5a344000                          Options.compaction_pri: kMinOverlappingRatio
2022/03/31-21:43:03.215436 7f1c5a344000 Options.compaction_options_universal.size_ratio: 1
2022/03/31-21:43:03.215437 7f1c5a344000 Options.compaction_options_universal.min_merge_width: 2
2022/03/31-21:43:03.215438 7f1c5a344000 Options.compaction_options_universal.max_merge_width: 4294967295
2022/03/31-21:43:03.215438 7f1c5a344000 Options.compaction_options_universal.max_size_amplification_percent: 200
2022/03/31-21:43:03.215439 7f1c5a344000 Options.compaction_options_universal.compression_size_percent: -1
2022/03/31-21:43:03.215440 7f1c5a344000 Options.compaction_options_universal.stop_style: kCompactionStopStyleTotalSize
2022/03/31-21:43:03.215440 7f1c5a344000 Options.compaction_options_fifo.max_table_files_size: 1073741824
2022/03/31-21:43:03.215448 7f1c5a344000 Options.compaction_options_fifo.allow_compaction: 0
2022/03/31-21:43:03.215453 7f1c5a344000                   Options.table_properties_collectors: 
2022/03/31-21:43:03.215454 7f1c5a344000                   Options.inplace_update_support: 0
2022/03/31-21:43:03.215454 7f1c5a344000                 Options.inplace_update_num_locks: 10000
2022/03/31-21:43:03.215455 7f1c5a344000               Options.memtable_prefix_bloom_size_ratio: 0.000000
2022/03/31-21:43:03.215456 7f1c5a344000               Options.memtable_whole_key_filtering: 0
2022/03/31-21:43:03.215456 7f1c5a344000   Options.memtable_huge_page_size: 0
2022/03/31-21:43:03.215457 7f1c5a344000                           Options.bloom_locality: 0
2022/03/31-21:43:03.215458 7f1c5a344000                    Options.max_successive_merges: 0
2022/03/31-21:43:03.215458 7f1c5a344000                Options.optimize_filters_for_hits: 0
2022/03/31-21:43:03.215459 7f1c5a344000                Options.paranoid_file_checks: 0
2022/03/31-21:43:03.215459 7f1c5a344000                Options.force_consistency_checks: 1
2022/03/31-21:43:03.215460 7f1c5a344000                Options.report_bg_io_stats: 0
2022/03/31-21:43:03.215461 7f1c5a344000                               Options.ttl: 2592000
2022/03/31-21:43:03.215461 7f1c5a344000          Options.periodic_compaction_seconds: 0
2022/03/31-21:43:03.215462 7f1c5a344000                    Options.enable_blob_files: false
2022/03/31-21:43:03.215462 7f1c5a344000                        Options.min_blob_size: 0
2022/03/31-21:43:03.215463 7f1c5a344000                       Options.blob_file_size: 268435456
2022/03/31-21:43:03.215464 7f1c5a344000                Options.blob_compression_type: NoCompression
2022/03/31-21:43:03.215464 7f1c5a344000       Options.enable_blob_garbage_collection: false
2022/03/31-21:43:03.215465 7f1c5a344000   Options.blob_garbage_collection_age_cutoff: 0.250000
2022/03/31-21:43:03.215502 7f1c5a344000 [db/column_family.cc:598] --------------- Options for column family [meta]:
2022/03/31-21:43:03.215503 7f1c5a344000               Options.comparator: leveldb.BytewiseComparator
2022/03/31-21:43:03.215503 7f1c5a344000           Options.merge_operator: None
2022/03/31-21:43:03.215504 7f1c5a344000        Options.compaction_filter: None
2022/03/31-21:43:03.215505 7f1c5a344000        Options.compaction_filter_factory: purged_slot_filter_factory(meta)
2022/03/31-21:43:03.215505 7f1c5a344000  Options.sst_partitioner_factory: None
2022/03/31-21:43:03.215506 7f1c5a344000         Options.memtable_factory: SkipListFactory
2022/03/31-21:43:03.215507 7f1c5a344000            Options.table_factory: BlockBasedTable
2022/03/31-21:43:03.215516 7f1c5a344000            table_factory options:   flush_block_policy_factory: FlushBlockBySizePolicyFactory (0x5577c5c7e810)
  cache_index_and_filter_blocks: 0
  cache_index_and_filter_blocks_with_high_priority: 1
  pin_l0_filter_and_index_blocks_in_cache: 0
  pin_top_level_index_and_filter: 1
  index_type: 0
  data_block_index_type: 0
  index_shortening: 1
  data_block_hash_table_util_ratio: 0.750000
  hash_index_allow_collision: 1
  checksum: 1
  no_block_cache: 0
  block_cache: 0x5577c5c8e3d0
  block_cache_name: LRUCache
  block_cache_options:
    capacity : 8388608
    num_shard_bits : 4
    strict_capacity_limit : 0
    memory_allocator : None
    high_pri_pool_ratio: 0.000
  block_cache_compressed: (nil)
  persistent_cache: (nil)
  block_size: 4096
  block_size_deviation: 10
  block_restart_interval: 16
  index_block_restart_interval: 1
  metadata_block_size: 4096
  partition_filters: 0
  use_delta_encoding: 1
  filter_policy: nullptr
  whole_key_filtering: 1
  verify_compression: 0
  read_amp_bytes_per_bit: 0
  format_version: 5
  enable_index_compression: 1
  block_align: 0
2022/03/31-21:43:03.215517 7f1c5a344000        Options.write_buffer_size: 268435456
2022/03/31-21:43:03.215517 7f1c5a344000  Options.max_write_buffer_number: 8
2022/03/31-21:43:03.215518 7f1c5a344000          Options.compression: NoCompression
2022/03/31-21:43:03.215518 7f1c5a344000                  Options.bottommost_compression: Disabled
2022/03/31-21:43:03.215543 7f1c5a344000       Options.prefix_extractor: nullptr
2022/03/31-21:43:03.215545 7f1c5a344000   Options.memtable_insert_with_hint_prefix_extractor: nullptr
2022/03/31-21:43:03.215546 7f1c5a344000             Options.num_levels: 7
2022/03/31-21:43:03.215547 7f1c5a344000        Options.min_write_buffer_number_to_merge: 1
2022/03/31-21:43:03.215548 7f1c5a344000     Options.max_write_buffer_number_to_maintain: 0
2022/03/31-21:43:03.215548 7f1c5a344000     Options.max_write_buffer_size_to_maintain: 0
2022/03/31-21:43:03.215549 7f1c5a344000            Options.bottommost_compression_opts.window_bits: -14
2022/03/31-21:43:03.215550 7f1c5a344000                  Options.bottommost_compression_opts.level: 32767
2022/03/31-21:43:03.215551 7f1c5a344000               Options.bottommost_compression_opts.strategy: 0
2022/03/31-21:43:03.215551 7f1c5a344000         Options.bottommost_compression_opts.max_dict_bytes: 0
2022/03/31-21:43:03.215552 7f1c5a344000         Options.bottommost_compression_opts.zstd_max_train_bytes: 0
2022/03/31-21:43:03.215553 7f1c5a344000         Options.bottommost_compression_opts.parallel_threads: 1
2022/03/31-21:43:03.215553 7f1c5a344000                  Options.bottommost_compression_opts.enabled: false
2022/03/31-21:43:03.215554 7f1c5a344000         Options.bottommost_compression_opts.max_dict_buffer_bytes: 0
2022/03/31-21:43:03.215554 7f1c5a344000            Options.compression_opts.window_bits: -14
2022/03/31-21:43:03.215555 7f1c5a344000                  Options.compression_opts.level: 32767
2022/03/31-21:43:03.215555 7f1c5a344000               Options.compression_opts.strategy: 0
2022/03/31-21:43:03.215556 7f1c5a344000         Options.compression_opts.max_dict_bytes: 0
2022/03/31-21:43:03.215556 7f1c5a344000         Options.compression_opts.zstd_max_train_bytes: 0
2022/03/31-21:43:03.215557 7f1c5a344000         Options.compression_opts.parallel_threads: 1
2022/03/31-21:43:03.215558 7f1c5a344000                  Options.compression_opts.enabled: false
2022/03/31-21:43:03.215558 7f1c5a344000         Options.compression_opts.max_dict_buffer_bytes: 0
2022/03/31-21:43:03.215559 7f1c5a344000      Options.level0_file_num_compaction_trigger: 4
2022/03/31-21:43:03.215559 7f1c5a344000          Options.level0_slowdown_writes_trigger: 20
2022/03/31-21:43:03.215560 7f1c5a344000              Options.level0_stop_writes_trigger: 36
2022/03/31-21:43:03.215560 7f1c5a344000                   Options.target_file_size_base: 107374182
2022/03/31-21:43:03.215561 7f1c5a344000             Options.target_file_size_multiplier: 1
2022/03/31-21:43:03.215562 7f1c5a344000                Options.max_bytes_for_level_base: 1073741824
2022/03/31-21:43:03.215562 7f1c5a344000 Options.level_compaction_dynamic_level_bytes: 0
2022/03/31-21:43:03.215563 7f1c5a344000          Options.max_bytes_for_level_multiplier: 10.000000
2022/03/31-21:43:03.215564 7f1c5a344000 Options.max_bytes_for_level_multiplier_addtl[0]: 1
2022/03/31-21:43:03.215565 7f1c5a344000 Options.max_bytes_for_level_multiplier_addtl[1]: 1
2022/03/31-21:43:03.215565 7f1c5a344000 Options.max_bytes_for_level_multiplier_addtl[2]: 1
2022/03/31-21:43:03.215566 7f1c5a344000 Options.max_bytes_for_level_multiplier_addtl[3]: 1
2022/03/31-21:43:03.215567 7f1c5a344000 Options.max_bytes_for_level_multiplier_addtl[4]: 1
2022/03/31-21:43:03.215567 7f1c5a344000 Options.max_bytes_for_level_multiplier_addtl[5]: 1
2022/03/31-21:43:03.215568 7f1c5a344000 Options.max_bytes_for_level_multiplier_addtl[6]: 1
2022/03/31-21:43:03.215568 7f1c5a344000       Options.max_sequential_skip_in_iterations: 8
2022/03/31-21:43:03.215569 7f1c5a344000                    Options.max_compaction_bytes: 2684354550
2022/03/31-21:43:03.215569 7f1c5a344000                        Options.arena_block_size: 33554432
2022/03/31-21:43:03.215570 7f1c5a344000   Options.soft_pending_compaction_bytes_limit: 68719476736
2022/03/31-21:43:03.215571 7f1c5a344000   Options.hard_pending_compaction_bytes_limit: 274877906944
2022/03/31-21:43:03.215571 7f1c5a344000       Options.rate_limit_delay_max_milliseconds: 100
2022/03/31-21:43:03.215579 7f1c5a344000                Options.disable_auto_compactions: 0
2022/03/31-21:43:03.215580 7f1c5a344000                        Options.compaction_style: kCompactionStyleLevel
2022/03/31-21:43:03.215581 7f1c5a344000                          Options.compaction_pri: kMinOverlappingRatio
2022/03/31-21:43:03.215581 7f1c5a344000 Options.compaction_options_universal.size_ratio: 1
2022/03/31-21:43:03.215582 7f1c5a344000 Options.compaction_options_universal.min_merge_width: 2
2022/03/31-21:43:03.215583 7f1c5a344000 Options.compaction_options_universal.max_merge_width: 4294967295
2022/03/31-21:43:03.215583 7f1c5a344000 Options.compaction_options_universal.max_size_amplification_percent: 200
2022/03/31-21:43:03.215584 7f1c5a344000 Options.compaction_options_universal.compression_size_percent: -1
2022/03/31-21:43:03.215584 7f1c5a344000 Options.compaction_options_universal.stop_style: kCompactionStopStyleTotalSize
2022/03/31-21:43:03.215585 7f1c5a344000 Options.compaction_options_fifo.max_table_files_size: 1073741824
2022/03/31-21:43:03.215585 7f1c5a344000 Options.compaction_options_fifo.allow_compaction: 0
2022/03/31-21:43:03.215587 7f1c5a344000                   Options.table_properties_collectors: 
2022/03/31-21:43:03.215588 7f1c5a344000                   Options.inplace_update_support: 0
2022/03/31-21:43:03.215588 7f1c5a344000                 Options.inplace_update_num_locks: 10000
2022/03/31-21:43:03.215589 7f1c5a344000               Options.memtable_prefix_bloom_size_ratio: 0.000000
2022/03/31-21:43:03.215590 7f1c5a344000               Options.memtable_whole_key_filtering: 0
2022/03/31-21:43:03.215590 7f1c5a344000   Options.memtable_huge_page_size: 0
2022/03/31-21:43:03.215591 7f1c5a344000                           Options.bloom_locality: 0
2022/03/31-21:43:03.215592 7f1c5a344000                    Options.max_successive_merges: 0
2022/03/31-21:43:03.215592 7f1c5a344000                Options.optimize_filters_for_hits: 0
2022/03/31-21:43:03.215593 7f1c5a344000                Options.paranoid_file_checks: 0
2022/03/31-21:43:03.215593 7f1c5a344000                Options.force_consistency_checks: 1
2022/03/31-21:43:03.215594 7f1c5a344000                Options.report_bg_io_stats: 0
2022/03/31-21:43:03.215594 7f1c5a344000                               Options.ttl: 2592000
2022/03/31-21:43:03.215595 7f1c5a344000          Options.periodic_compaction_seconds: 2592000
2022/03/31-21:43:03.215596 7f1c5a344000                    Options.enable_blob_files: false
2022/03/31-21:43:03.215596 7f1c5a344000                        Options.min_blob_size: 0
2022/03/31-21:43:03.215597 7f1c5a344000                       Options.blob_file_size: 268435456
2022/03/31-21:43:03.215597 7f1c5a344000                Options.blob_compression_type: NoCompression
2022/03/31-21:43:03.215598 7f1c5a344000       Options.enable_blob_garbage_collection: false
2022/03/31-21:43:03.215598 7f1c5a344000   Options.blob_garbage_collection_age_cutoff: 0.250000
2022/03/31-21:43:03.215615 7f1c5a344000 [db/column_family.cc:598] --------------- Options for column family [dead_slots]:
2022/03/31-21:43:03.215616 7f1c5a344000               Options.comparator: leveldb.BytewiseComparator
2022/03/31-21:43:03.215616 7f1c5a344000           Options.merge_operator: None
2022/03/31-21:43:03.215617 7f1c5a344000        Options.compaction_filter: None
2022/03/31-21:43:03.215618 7f1c5a344000        Options.compaction_filter_factory: purged_slot_filter_factory(dead_slots)
2022/03/31-21:43:03.215618 7f1c5a344000  Options.sst_partitioner_factory: None
2022/03/31-21:43:03.215619 7f1c5a344000         Options.memtable_factory: SkipListFactory
2022/03/31-21:43:03.215619 7f1c5a344000            Options.table_factory: BlockBasedTable
2022/03/31-21:43:03.215628 7f1c5a344000            table_factory options:   flush_block_policy_factory: FlushBlockBySizePolicyFactory (0x5577c5e86e80)
  cache_index_and_filter_blocks: 0
  cache_index_and_filter_blocks_with_high_priority: 1
  pin_l0_filter_and_index_blocks_in_cache: 0
  pin_top_level_index_and_filter: 1
  index_type: 0
  data_block_index_type: 0
  index_shortening: 1
  data_block_hash_table_util_ratio: 0.750000
  hash_index_allow_collision: 1
  checksum: 1
  no_block_cache: 0
  block_cache: 0x5577c5ddca60
  block_cache_name: LRUCache
  block_cache_options:
    capacity : 8388608
    num_shard_bits : 4
    strict_capacity_limit : 0
    memory_allocator : None
    high_pri_pool_ratio: 0.000
  block_cache_compressed: (nil)
  persistent_cache: (nil)
  block_size: 4096
  block_size_deviation: 10
  block_restart_interval: 16
  index_block_restart_interval: 1
  metadata_block_size: 4096
  partition_filters: 0
  use_delta_encoding: 1
  filter_policy: nullptr
  whole_key_filtering: 1
  verify_compression: 0
  read_amp_bytes_per_bit: 0
  format_version: 5
  enable_index_compression: 1
  block_align: 0
2022/03/31-21:43:03.215649 7f1c5a344000        Options.write_buffer_size: 268435456
2022/03/31-21:43:03.215651 7f1c5a344000  Options.max_write_buffer_number: 8
2022/03/31-21:43:03.215652 7f1c5a344000          Options.compression: NoCompression
2022/03/31-21:43:03.215652 7f1c5a344000                  Options.bottommost_compression: Disabled
2022/03/31-21:43:03.215653 7f1c5a344000       Options.prefix_extractor: nullptr
2022/03/31-21:43:03.215654 7f1c5a344000   Options.memtable_insert_with_hint_prefix_extractor: nullptr
2022/03/31-21:43:03.215654 7f1c5a344000             Options.num_levels: 7
2022/03/31-21:43:03.215655 7f1c5a344000        Options.min_write_buffer_number_to_merge: 1
2022/03/31-21:43:03.215655 7f1c5a344000     Options.max_write_buffer_number_to_maintain: 0
2022/03/31-21:43:03.215656 7f1c5a344000     Options.max_write_buffer_size_to_maintain: 0
2022/03/31-21:43:03.215657 7f1c5a344000            Options.bottommost_compression_opts.window_bits: -14
2022/03/31-21:43:03.215657 7f1c5a344000                  Options.bottommost_compression_opts.level: 32767
2022/03/31-21:43:03.215658 7f1c5a344000               Options.bottommost_compression_opts.strategy: 0
2022/03/31-21:43:03.215659 7f1c5a344000         Options.bottommost_compression_opts.max_dict_bytes: 0
2022/03/31-21:43:03.215659 7f1c5a344000         Options.bottommost_compression_opts.zstd_max_train_bytes: 0
2022/03/31-21:43:03.215660 7f1c5a344000         Options.bottommost_compression_opts.parallel_threads: 1
2022/03/31-21:43:03.215660 7f1c5a344000                  Options.bottommost_compression_opts.enabled: false
2022/03/31-21:43:03.215661 7f1c5a344000         Options.bottommost_compression_opts.max_dict_buffer_bytes: 0
2022/03/31-21:43:03.215661 7f1c5a344000            Options.compression_opts.window_bits: -14
2022/03/31-21:43:03.215662 7f1c5a344000                  Options.compression_opts.level: 32767
2022/03/31-21:43:03.215663 7f1c5a344000               Options.compression_opts.strategy: 0
2022/03/31-21:43:03.215663 7f1c5a344000         Options.compression_opts.max_dict_bytes: 0
2022/03/31-21:43:03.215664 7f1c5a344000         Options.compression_opts.zstd_max_train_bytes: 0
2022/03/31-21:43:03.215664 7f1c5a344000         Options.compression_opts.parallel_threads: 1
2022/03/31-21:43:03.215665 7f1c5a344000                  Options.compression_opts.enabled: false
2022/03/31-21:43:03.215665 7f1c5a344000         Options.compression_opts.max_dict_buffer_bytes: 0
2022/03/31-21:43:03.215666 7f1c5a344000      Options.level0_file_num_compaction_trigger: 4
2022/03/31-21:43:03.215667 7f1c5a344000          Options.level0_slowdown_writes_trigger: 20
2022/03/31-21:43:03.215667 7f1c5a344000              Options.level0_stop_writes_trigger: 36
2022/03/31-21:43:03.215668 7f1c5a344000                   Options.target_file_size_base: 107374182
2022/03/31-21:43:03.215668 7f1c5a344000             Options.target_file_size_multiplier: 1
2022/03/31-21:43:03.215669 7f1c5a344000                Options.max_bytes_for_level_base: 1073741824
2022/03/31-21:43:03.215669 7f1c5a344000 Options.level_compaction_dynamic_level_bytes: 0
2022/03/31-21:43:03.215670 7f1c5a344000          Options.max_bytes_for_level_multiplier: 10.000000
2022/03/31-21:43:03.215671 7f1c5a344000 Options.max_bytes_for_level_multiplier_addtl[0]: 1
2022/03/31-21:43:03.215680 7f1c5a344000 Options.max_bytes_for_level_multiplier_addtl[1]: 1
2022/03/31-21:43:03.215680 7f1c5a344000 Options.max_bytes_for_level_multiplier_addtl[2]: 1
2022/03/31-21:43:03.215681 7f1c5a344000 Options.max_bytes_for_level_multiplier_addtl[3]: 1
2022/03/31-21:43:03.215682 7f1c5a344000 Options.max_bytes_for_level_multiplier_addtl[4]: 1
2022/03/31-21:43:03.215682 7f1c5a344000 Options.max_bytes_for_level_multiplier_addtl[5]: 1
2022/03/31-21:43:03.215683 7f1c5a344000 Options.max_bytes_for_level_multiplier_addtl[6]: 1
2022/03/31-21:43:03.215683 7f1c5a344000       Options.max_sequential_skip_in_iterations: 8
2022/03/31-21:43:03.215684 7f1c5a344000                    Options.max_compaction_bytes: 2684354550
2022/03/31-21:43:03.215685 7f1c5a344000                        Options.arena_block_size: 33554432
2022/03/31-21:43:03.215685 7f1c5a344000   Options.soft_pending_compaction_bytes_limit: 68719476736
2022/03/31-21:43:03.215686 7f1c5a344000   Options.hard_pending_compaction_bytes_limit: 274877906944
2022/03/31-21:43:03.215686 7f1c5a344000       Options.rate_limit_delay_max_milliseconds: 100
2022/03/31-21:43:03.215687 7f1c5a344000                Options.disable_auto_compactions: 0
2022/03/31-21:43:03.215688 7f1c5a344000                        Options.compaction_style: kCompactionStyleLevel
2022/03/31-21:43:03.215689 7f1c5a344000                          Options.compaction_pri: kMinOverlappingRatio
2022/03/31-21:43:03.215689 7f1c5a344000 Options.compaction_options_universal.size_ratio: 1
2022/03/31-21:43:03.215690 7f1c5a344000 Options.compaction_options_universal.min_merge_width: 2
2022/03/31-21:43:03.215690 7f1c5a344000 Options.compaction_options_universal.max_merge_width: 4294967295
2022/03/31-21:43:03.215691 7f1c5a344000 Options.compaction_options_universal.max_size_amplification_percent: 200
2022/03/31-21:43:03.215692 7f1c5a344000 Options.compaction_options_universal.compression_size_percent: -1
2022/03/31-21:43:03.215693 7f1c5a344000 Options.compaction_options_universal.stop_style: kCompactionStopStyleTotalSize
2022/03/31-21:43:03.215693 7f1c5a344000 Options.compaction_options_fifo.max_table_files_size: 1073741824
2022/03/31-21:43:03.215694 7f1c5a344000 Options.compaction_options_fifo.allow_compaction: 0
2022/03/31-21:43:03.215695 7f1c5a344000                   Options.table_properties_collectors: 
2022/03/31-21:43:03.215696 7f1c5a344000                   Options.inplace_update_support: 0
2022/03/31-21:43:03.215696 7f1c5a344000                 Options.inplace_update_num_locks: 10000
2022/03/31-21:43:03.215697 7f1c5a344000               Options.memtable_prefix_bloom_size_ratio: 0.000000
2022/03/31-21:43:03.215698 7f1c5a344000               Options.memtable_whole_key_filtering: 0
2022/03/31-21:43:03.215698 7f1c5a344000   Options.memtable_huge_page_size: 0
2022/03/31-21:43:03.215699 7f1c5a344000                           Options.bloom_locality: 0
2022/03/31-21:43:03.215700 7f1c5a344000                    Options.max_successive_merges: 0
2022/03/31-21:43:03.215700 7f1c5a344000                Options.optimize_filters_for_hits: 0
2022/03/31-21:43:03.215701 7f1c5a344000                Options.paranoid_file_checks: 0
2022/03/31-21:43:03.215701 7f1c5a344000                Options.force_consistency_checks: 1
2022/03/31-21:43:03.215702 7f1c5a344000                Options.report_bg_io_stats: 0
2022/03/31-21:43:03.215702 7f1c5a344000                               Options.ttl: 2592000
2022/03/31-21:43:03.215703 7f1c5a344000          Options.periodic_compaction_seconds: 2592000
2022/03/31-21:43:03.215704 7f1c5a344000                    Options.enable_blob_files: false
2022/03/31-21:43:03.215704 7f1c5a344000                        Options.min_blob_size: 0
2022/03/31-21:43:03.215705 7f1c5a344000                       Options.blob_file_size: 268435456
2022/03/31-21:43:03.215705 7f1c5a344000                Options.blob_compression_type: NoCompression
2022/03/31-21:43:03.215706 7f1c5a344000       Options.enable_blob_garbage_collection: false
2022/03/31-21:43:03.215706 7f1c5a344000   Options.blob_garbage_collection_age_cutoff: 0.250000
2022/03/31-21:43:03.215742 7f1c5a344000 [db/column_family.cc:598] --------------- Options for column family [duplicate_slots]:
2022/03/31-21:43:03.215744 7f1c5a344000               Options.comparator: leveldb.BytewiseComparator
2022/03/31-21:43:03.215745 7f1c5a344000           Options.merge_operator: None
2022/03/31-21:43:03.215745 7f1c5a344000        Options.compaction_filter: None
2022/03/31-21:43:03.215746 7f1c5a344000        Options.compaction_filter_factory: purged_slot_filter_factory(duplicate_slots)
2022/03/31-21:43:03.215747 7f1c5a344000  Options.sst_partitioner_factory: None
2022/03/31-21:43:03.215747 7f1c5a344000         Options.memtable_factory: SkipListFactory
2022/03/31-21:43:03.215748 7f1c5a344000            Options.table_factory: BlockBasedTable
2022/03/31-21:43:03.215757 7f1c5a344000            table_factory options:   flush_block_policy_factory: FlushBlockBySizePolicyFactory (0x5577c5c9da00)
  cache_index_and_filter_blocks: 0
  cache_index_and_filter_blocks_with_high_priority: 1
  pin_l0_filter_and_index_blocks_in_cache: 0
  pin_top_level_index_and_filter: 1
  index_type: 0
  data_block_index_type: 0
  index_shortening: 1
  data_block_hash_table_util_ratio: 0.750000
  hash_index_allow_collision: 1
  checksum: 1
  no_block_cache: 0
  block_cache: 0x5577c5d43f70
  block_cache_name: LRUCache
  block_cache_options:
    capacity : 8388608
    num_shard_bits : 4
    strict_capacity_limit : 0
    memory_allocator : None
    high_pri_pool_ratio: 0.000
  block_cache_compressed: (nil)
  persistent_cache: (nil)
  block_size: 4096
  block_size_deviation: 10
  block_restart_interval: 16
  index_block_restart_interval: 1
  metadata_block_size: 4096
  partition_filters: 0
  use_delta_encoding: 1
  filter_policy: nullptr
  whole_key_filtering: 1
  verify_compression: 0
  read_amp_bytes_per_bit: 0
  format_version: 5
  enable_index_compression: 1
  block_align: 0
2022/03/31-21:43:03.215758 7f1c5a344000        Options.write_buffer_size: 268435456
2022/03/31-21:43:03.215758 7f1c5a344000  Options.max_write_buffer_number: 8
2022/03/31-21:43:03.215759 7f1c5a344000          Options.compression: NoCompression
2022/03/31-21:43:03.215759 7f1c5a344000                  Options.bottommost_compression: Disabled
2022/03/31-21:43:03.215760 7f1c5a344000       Options.prefix_extractor: nullptr
2022/03/31-21:43:03.215761 7f1c5a344000   Options.memtable_insert_with_hint_prefix_extractor: nullptr
2022/03/31-21:43:03.215761 7f1c5a344000             Options.num_levels: 7
2022/03/31-21:43:03.215762 7f1c5a344000        Options.min_write_buffer_number_to_merge: 1
2022/03/31-21:43:03.215762 7f1c5a344000     Options.max_write_buffer_number_to_maintain: 0
2022/03/31-21:43:03.215763 7f1c5a344000     Options.max_write_buffer_size_to_maintain: 0
2022/03/31-21:43:03.215763 7f1c5a344000            Options.bottommost_compression_opts.window_bits: -14
2022/03/31-21:43:03.215764 7f1c5a344000                  Options.bottommost_compression_opts.level: 32767
