2022/03/31-21:43:02.808422 7f1c5a344000 RocksDB version: 6.20.3
2022/03/31-21:43:02.808533 7f1c5a344000 Git sha 8608d75d85f8e1b3b64b73a4fb6d19baec61ba5c
2022/03/31-21:43:02.808535 7f1c5a344000 Compile date 2021-05-05 20:35:30
2022/03/31-21:43:02.808849 7f1c5a344000 DB SUMMARY
2022/03/31-21:43:02.808851 7f1c5a344000 DB Session ID:  ONY6POGPP8RC9SEL8A7J
2022/03/31-21:43:02.808875 7f1c5a344000 SST files in test-ledger/rocksdb dir, Total Num: 0, files: 
2022/03/31-21:43:02.808877 7f1c5a344000 Write Ahead Log file in test-ledger/rocksdb: 
2022/03/31-21:43:02.808878 7f1c5a344000                         Options.error_if_exists: 0
2022/03/31-21:43:02.808879 7f1c5a344000                       Options.create_if_missing: 1
2022/03/31-21:43:02.808879 7f1c5a344000                         Options.paranoid_checks: 1
2022/03/31-21:43:02.808880 7f1c5a344000                               Options.track_and_verify_wals_in_manifest: 0
2022/03/31-21:43:02.808881 7f1c5a344000                                     Options.env: 0x5577c59fd420
2022/03/31-21:43:02.808881 7f1c5a344000                                      Options.fs: Posix File System
2022/03/31-21:43:02.808882 7f1c5a344000                                Options.info_log: 0x5577c5c86b90
2022/03/31-21:43:02.808883 7f1c5a344000                Options.max_file_opening_threads: 16
2022/03/31-21:43:02.808884 7f1c5a344000                              Options.statistics: (nil)
2022/03/31-21:43:02.808884 7f1c5a344000                               Options.use_fsync: 0
2022/03/31-21:43:02.808885 7f1c5a344000                       Options.max_log_file_size: 0
2022/03/31-21:43:02.808886 7f1c5a344000                  Options.max_manifest_file_size: 1073741824
2022/03/31-21:43:02.808886 7f1c5a344000                   Options.log_file_time_to_roll: 0
2022/03/31-21:43:02.808887 7f1c5a344000                       Options.keep_log_file_num: 1000
2022/03/31-21:43:02.808888 7f1c5a344000                    Options.recycle_log_file_num: 0
2022/03/31-21:43:02.808888 7f1c5a344000                         Options.allow_fallocate: 1
2022/03/31-21:43:02.808889 7f1c5a344000                        Options.allow_mmap_reads: 0
2022/03/31-21:43:02.808890 7f1c5a344000                       Options.allow_mmap_writes: 0
2022/03/31-21:43:02.808890 7f1c5a344000                        Options.use_direct_reads: 0
2022/03/31-21:43:02.808891 7f1c5a344000                        Options.use_direct_io_for_flush_and_compaction: 0
2022/03/31-21:43:02.808891 7f1c5a344000          Options.create_missing_column_families: 1
2022/03/31-21:43:02.808892 7f1c5a344000                              Options.db_log_dir: 
2022/03/31-21:43:02.808892 7f1c5a344000                                 Options.wal_dir: test-ledger/rocksdb
2022/03/31-21:43:02.808893 7f1c5a344000                Options.table_cache_numshardbits: 6
2022/03/31-21:43:02.808893 7f1c5a344000                         Options.WAL_ttl_seconds: 0
2022/03/31-21:43:02.808894 7f1c5a344000                       Options.WAL_size_limit_MB: 0
2022/03/31-21:43:02.808895 7f1c5a344000                        Options.max_write_batch_group_size_bytes: 1048576
2022/03/31-21:43:02.808895 7f1c5a344000             Options.manifest_preallocation_size: 4194304
2022/03/31-21:43:02.808896 7f1c5a344000                     Options.is_fd_close_on_exec: 1
2022/03/31-21:43:02.808896 7f1c5a344000                   Options.advise_random_on_open: 1
2022/03/31-21:43:02.808897 7f1c5a344000                    Options.db_write_buffer_size: 0
2022/03/31-21:43:02.808897 7f1c5a344000                    Options.write_buffer_manager: 0x5577c5cd6890
2022/03/31-21:43:02.808898 7f1c5a344000         Options.access_hint_on_compaction_start: 1
2022/03/31-21:43:02.808899 7f1c5a344000  Options.new_table_reader_for_compaction_inputs: 0
2022/03/31-21:43:02.808899 7f1c5a344000           Options.random_access_max_buffer_size: 1048576
2022/03/31-21:43:02.808900 7f1c5a344000                      Options.use_adaptive_mutex: 0
2022/03/31-21:43:02.808900 7f1c5a344000                            Options.rate_limiter: (nil)
2022/03/31-21:43:02.808901 7f1c5a344000     Options.sst_file_manager.rate_bytes_per_sec: 0
2022/03/31-21:43:02.808933 7f1c5a344000                       Options.wal_recovery_mode: 2
2022/03/31-21:43:02.808935 7f1c5a344000                  Options.enable_thread_tracking: 0
2022/03/31-21:43:02.808936 7f1c5a344000                  Options.enable_pipelined_write: 0
2022/03/31-21:43:02.808936 7f1c5a344000                  Options.unordered_write: 0
2022/03/31-21:43:02.808937 7f1c5a344000         Options.allow_concurrent_memtable_write: 1
2022/03/31-21:43:02.808938 7f1c5a344000      Options.enable_write_thread_adaptive_yield: 1
2022/03/31-21:43:02.808938 7f1c5a344000             Options.write_thread_max_yield_usec: 100
2022/03/31-21:43:02.808939 7f1c5a344000            Options.write_thread_slow_yield_usec: 3
2022/03/31-21:43:02.808939 7f1c5a344000                               Options.row_cache: None
2022/03/31-21:43:02.808940 7f1c5a344000                              Options.wal_filter: None
2022/03/31-21:43:02.808941 7f1c5a344000             Options.avoid_flush_during_recovery: 0
2022/03/31-21:43:02.808941 7f1c5a344000             Options.allow_ingest_behind: 0
2022/03/31-21:43:02.808942 7f1c5a344000             Options.preserve_deletes: 0
2022/03/31-21:43:02.808942 7f1c5a344000             Options.two_write_queues: 0
2022/03/31-21:43:02.808943 7f1c5a344000             Options.manual_wal_flush: 0
2022/03/31-21:43:02.808943 7f1c5a344000             Options.atomic_flush: 0
2022/03/31-21:43:02.808944 7f1c5a344000             Options.avoid_unnecessary_blocking_io: 0
2022/03/31-21:43:02.808944 7f1c5a344000                 Options.persist_stats_to_disk: 0
2022/03/31-21:43:02.808945 7f1c5a344000                 Options.write_dbid_to_manifest: 0
2022/03/31-21:43:02.808945 7f1c5a344000                 Options.log_readahead_size: 0
2022/03/31-21:43:02.808946 7f1c5a344000                 Options.file_checksum_gen_factory: Unknown
2022/03/31-21:43:02.808947 7f1c5a344000                 Options.best_efforts_recovery: 0
2022/03/31-21:43:02.808947 7f1c5a344000                Options.max_bgerror_resume_count: 2147483647
2022/03/31-21:43:02.808948 7f1c5a344000            Options.bgerror_resume_retry_interval: 1000000
2022/03/31-21:43:02.808948 7f1c5a344000             Options.allow_data_in_errors: 0
2022/03/31-21:43:02.808949 7f1c5a344000             Options.db_host_id: __hostname__
2022/03/31-21:43:02.808950 7f1c5a344000             Options.max_background_jobs: 16
2022/03/31-21:43:02.808950 7f1c5a344000             Options.max_background_compactions: -1
2022/03/31-21:43:02.808951 7f1c5a344000             Options.max_subcompactions: 1
2022/03/31-21:43:02.808951 7f1c5a344000             Options.avoid_flush_during_shutdown: 0
2022/03/31-21:43:02.808952 7f1c5a344000           Options.writable_file_max_buffer_size: 1048576
2022/03/31-21:43:02.808953 7f1c5a344000             Options.delayed_write_rate : 16777216
2022/03/31-21:43:02.808953 7f1c5a344000             Options.max_total_wal_size: 4294967296
2022/03/31-21:43:02.808954 7f1c5a344000             Options.delete_obsolete_files_period_micros: 21600000000
2022/03/31-21:43:02.808954 7f1c5a344000                   Options.stats_dump_period_sec: 600
2022/03/31-21:43:02.808955 7f1c5a344000                 Options.stats_persist_period_sec: 600
2022/03/31-21:43:02.808956 7f1c5a344000                 Options.stats_history_buffer_size: 1048576
2022/03/31-21:43:02.808956 7f1c5a344000                          Options.max_open_files: -1
2022/03/31-21:43:02.808957 7f1c5a344000                          Options.bytes_per_sync: 0
2022/03/31-21:43:02.808957 7f1c5a344000                      Options.wal_bytes_per_sync: 0
2022/03/31-21:43:02.808958 7f1c5a344000                   Options.strict_bytes_per_sync: 0
2022/03/31-21:43:02.808958 7f1c5a344000       Options.compaction_readahead_size: 0
2022/03/31-21:43:02.808959 7f1c5a344000                  Options.max_background_flushes: -1
2022/03/31-21:43:02.808959 7f1c5a344000 Compression algorithms supported:
2022/03/31-21:43:02.808960 7f1c5a344000 	kZSTDNotFinalCompression supported: 0
2022/03/31-21:43:02.808961 7f1c5a344000 	kZSTD supported: 0
2022/03/31-21:43:02.808969 7f1c5a344000 	kXpressCompression supported: 0
2022/03/31-21:43:02.808970 7f1c5a344000 	kLZ4HCCompression supported: 1
2022/03/31-21:43:02.808971 7f1c5a344000 	kLZ4Compression supported: 1
2022/03/31-21:43:02.808972 7f1c5a344000 	kBZip2Compression supported: 0
2022/03/31-21:43:02.808972 7f1c5a344000 	kZlibCompression supported: 0
2022/03/31-21:43:02.808973 7f1c5a344000 	kSnappyCompression supported: 0
2022/03/31-21:43:02.808975 7f1c5a344000 Fast CRC32 supported: Not supported on x86
2022/03/31-21:43:02.811951 7f1c5a344000 [db/db_impl/db_impl_open.cc:285] Creating manifest 1 
2022/03/31-21:43:02.816756 7f1c5a344000 [db/version_set.cc:4627] Recovering from manifest file: test-ledger/rocksdb/MANIFEST-000001
2022/03/31-21:43:02.817246 7f1c5a344000 [db/column_family.cc:598] --------------- Options for column family [default]:
2022/03/31-21:43:02.817249 7f1c5a344000               Options.comparator: leveldb.BytewiseComparator
2022/03/31-21:43:02.817250 7f1c5a344000           Options.merge_operator: None
2022/03/31-21:43:02.817251 7f1c5a344000        Options.compaction_filter: None
2022/03/31-21:43:02.817252 7f1c5a344000        Options.compaction_filter_factory: None
2022/03/31-21:43:02.817253 7f1c5a344000  Options.sst_partitioner_factory: None
2022/03/31-21:43:02.817253 7f1c5a344000         Options.memtable_factory: SkipListFactory
2022/03/31-21:43:02.817254 7f1c5a344000            Options.table_factory: BlockBasedTable
2022/03/31-21:43:02.817270 7f1c5a344000            table_factory options:   flush_block_policy_factory: FlushBlockBySizePolicyFactory (0x5577c5cd7700)
  cache_index_and_filter_blocks: 0
  cache_index_and_filter_blocks_with_high_priority: 1
  pin_l0_filter_and_index_blocks_in_cache: 0
  pin_top_level_index_and_filter: 1
  index_type: 0
  data_block_index_type: 0
  index_shortening: 1
  data_block_hash_table_util_ratio: 0.750000
  hash_index_allow_collision: 1
  checksum: 1
  no_block_cache: 0
  block_cache: 0x5577c5cd7750
  block_cache_name: LRUCache
  block_cache_options:
    capacity : 8388608
    num_shard_bits : 4
    strict_capacity_limit : 0
    memory_allocator : None
    high_pri_pool_ratio: 0.000
  block_cache_compressed: (nil)
  persistent_cache: (nil)
  block_size: 4096
  block_size_deviation: 10
  block_restart_interval: 16
  index_block_restart_interval: 1
  metadata_block_size: 4096
  partition_filters: 0
  use_delta_encoding: 1
  filter_policy: nullptr
  whole_key_filtering: 1
  verify_compression: 0
  read_amp_bytes_per_bit: 0
  format_version: 5
  enable_index_compression: 1
  block_align: 0
2022/03/31-21:43:02.817272 7f1c5a344000        Options.write_buffer_size: 67108864
2022/03/31-21:43:02.817272 7f1c5a344000  Options.max_write_buffer_number: 2
2022/03/31-21:43:02.817273 7f1c5a344000          Options.compression: NoCompression
2022/03/31-21:43:02.817274 7f1c5a344000                  Options.bottommost_compression: Disabled
2022/03/31-21:43:02.817274 7f1c5a344000       Options.prefix_extractor: nullptr
2022/03/31-21:43:02.817275 7f1c5a344000   Options.memtable_insert_with_hint_prefix_extractor: nullptr
2022/03/31-21:43:02.817276 7f1c5a344000             Options.num_levels: 7
2022/03/31-21:43:02.817276 7f1c5a344000        Options.min_write_buffer_number_to_merge: 1
2022/03/31-21:43:02.817277 7f1c5a344000     Options.max_write_buffer_number_to_maintain: 0
2022/03/31-21:43:02.817278 7f1c5a344000     Options.max_write_buffer_size_to_maintain: 0
2022/03/31-21:43:02.817278 7f1c5a344000            Options.bottommost_compression_opts.window_bits: -14
2022/03/31-21:43:02.817279 7f1c5a344000                  Options.bottommost_compression_opts.level: 32767
2022/03/31-21:43:02.817280 7f1c5a344000               Options.bottommost_compression_opts.strategy: 0
2022/03/31-21:43:02.817280 7f1c5a344000         Options.bottommost_compression_opts.max_dict_bytes: 0
2022/03/31-21:43:02.817281 7f1c5a344000         Options.bottommost_compression_opts.zstd_max_train_bytes: 0
2022/03/31-21:43:02.817281 7f1c5a344000         Options.bottommost_compression_opts.parallel_threads: 1
2022/03/31-21:43:02.817282 7f1c5a344000                  Options.bottommost_compression_opts.enabled: false
2022/03/31-21:43:02.817318 7f1c5a344000         Options.bottommost_compression_opts.max_dict_buffer_bytes: 0
2022/03/31-21:43:02.817320 7f1c5a344000            Options.compression_opts.window_bits: -14
2022/03/31-21:43:02.817321 7f1c5a344000                  Options.compression_opts.level: 32767
2022/03/31-21:43:02.817321 7f1c5a344000               Options.compression_opts.strategy: 0
2022/03/31-21:43:02.817322 7f1c5a344000         Options.compression_opts.max_dict_bytes: 0
2022/03/31-21:43:02.817323 7f1c5a344000         Options.compression_opts.zstd_max_train_bytes: 0
2022/03/31-21:43:02.817324 7f1c5a344000         Options.compression_opts.parallel_threads: 1
2022/03/31-21:43:02.817324 7f1c5a344000                  Options.compression_opts.enabled: false
2022/03/31-21:43:02.817325 7f1c5a344000         Options.compression_opts.max_dict_buffer_bytes: 0
2022/03/31-21:43:02.817325 7f1c5a344000      Options.level0_file_num_compaction_trigger: 4
2022/03/31-21:43:02.817326 7f1c5a344000          Options.level0_slowdown_writes_trigger: 20
2022/03/31-21:43:02.817326 7f1c5a344000              Options.level0_stop_writes_trigger: 36
2022/03/31-21:43:02.817327 7f1c5a344000                   Options.target_file_size_base: 67108864
2022/03/31-21:43:02.817328 7f1c5a344000             Options.target_file_size_multiplier: 1
2022/03/31-21:43:02.817328 7f1c5a344000                Options.max_bytes_for_level_base: 268435456
2022/03/31-21:43:02.817329 7f1c5a344000 Options.level_compaction_dynamic_level_bytes: 0
2022/03/31-21:43:02.817329 7f1c5a344000          Options.max_bytes_for_level_multiplier: 10.000000
2022/03/31-21:43:02.817331 7f1c5a344000 Options.max_bytes_for_level_multiplier_addtl[0]: 1
2022/03/31-21:43:02.817332 7f1c5a344000 Options.max_bytes_for_level_multiplier_addtl[1]: 1
2022/03/31-21:43:02.817333 7f1c5a344000 Options.max_bytes_for_level_multiplier_addtl[2]: 1
2022/03/31-21:43:02.817333 7f1c5a344000 Options.max_bytes_for_level_multiplier_addtl[3]: 1
2022/03/31-21:43:02.817334 7f1c5a344000 Options.max_bytes_for_level_multiplier_addtl[4]: 1
2022/03/31-21:43:02.817334 7f1c5a344000 Options.max_bytes_for_level_multiplier_addtl[5]: 1
2022/03/31-21:43:02.817335 7f1c5a344000 Options.max_bytes_for_level_multiplier_addtl[6]: 1
2022/03/31-21:43:02.817335 7f1c5a344000       Options.max_sequential_skip_in_iterations: 8
2022/03/31-21:43:02.817336 7f1c5a344000                    Options.max_compaction_bytes: 1677721600
2022/03/31-21:43:02.817337 7f1c5a344000                        Options.arena_block_size: 8388608
2022/03/31-21:43:02.817337 7f1c5a344000   Options.soft_pending_compaction_bytes_limit: 68719476736
2022/03/31-21:43:02.817338 7f1c5a344000   Options.hard_pending_compaction_bytes_limit: 274877906944
2022/03/31-21:43:02.817338 7f1c5a344000       Options.rate_limit_delay_max_milliseconds: 100
2022/03/31-21:43:02.817339 7f1c5a344000                Options.disable_auto_compactions: 0
2022/03/31-21:43:02.817340 7f1c5a344000                        Options.compaction_style: kCompactionStyleLevel
2022/03/31-21:43:02.817341 7f1c5a344000                          Options.compaction_pri: kMinOverlappingRatio
2022/03/31-21:43:02.817342 7f1c5a344000 Options.compaction_options_universal.size_ratio: 1
2022/03/31-21:43:02.817343 7f1c5a344000 Options.compaction_options_universal.min_merge_width: 2
2022/03/31-21:43:02.817343 7f1c5a344000 Options.compaction_options_universal.max_merge_width: 4294967295
2022/03/31-21:43:02.817344 7f1c5a344000 Options.compaction_options_universal.max_size_amplification_percent: 200
2022/03/31-21:43:02.817344 7f1c5a344000 Options.compaction_options_universal.compression_size_percent: -1
2022/03/31-21:43:02.817345 7f1c5a344000 Options.compaction_options_universal.stop_style: kCompactionStopStyleTotalSize
2022/03/31-21:43:02.817346 7f1c5a344000 Options.compaction_options_fifo.max_table_files_size: 1073741824
2022/03/31-21:43:02.817347 7f1c5a344000 Options.compaction_options_fifo.allow_compaction: 0
2022/03/31-21:43:02.817352 7f1c5a344000                   Options.table_properties_collectors: 
2022/03/31-21:43:02.817361 7f1c5a344000                   Options.inplace_update_support: 0
2022/03/31-21:43:02.817362 7f1c5a344000                 Options.inplace_update_num_locks: 10000
2022/03/31-21:43:02.817363 7f1c5a344000               Options.memtable_prefix_bloom_size_ratio: 0.000000
2022/03/31-21:43:02.817363 7f1c5a344000               Options.memtable_whole_key_filtering: 0
2022/03/31-21:43:02.817364 7f1c5a344000   Options.memtable_huge_page_size: 0
2022/03/31-21:43:02.817365 7f1c5a344000                           Options.bloom_locality: 0
2022/03/31-21:43:02.817365 7f1c5a344000                    Options.max_successive_merges: 0
2022/03/31-21:43:02.817366 7f1c5a344000                Options.optimize_filters_for_hits: 0
2022/03/31-21:43:02.817366 7f1c5a344000                Options.paranoid_file_checks: 0
2022/03/31-21:43:02.817367 7f1c5a344000                Options.force_consistency_checks: 1
2022/03/31-21:43:02.817367 7f1c5a344000                Options.report_bg_io_stats: 0
2022/03/31-21:43:02.817368 7f1c5a344000                               Options.ttl: 2592000
2022/03/31-21:43:02.817369 7f1c5a344000          Options.periodic_compaction_seconds: 0
2022/03/31-21:43:02.817369 7f1c5a344000                    Options.enable_blob_files: false
2022/03/31-21:43:02.817370 7f1c5a344000                        Options.min_blob_size: 0
2022/03/31-21:43:02.817370 7f1c5a344000                       Options.blob_file_size: 268435456
2022/03/31-21:43:02.817371 7f1c5a344000                Options.blob_compression_type: NoCompression
2022/03/31-21:43:02.817372 7f1c5a344000       Options.enable_blob_garbage_collection: false
2022/03/31-21:43:02.817372 7f1c5a344000   Options.blob_garbage_collection_age_cutoff: 0.250000
2022/03/31-21:43:02.818929 7f1c5a344000 [db/version_set.cc:4675] Recovered from manifest file:test-ledger/rocksdb/MANIFEST-000001 succeeded,manifest_file_number is 1, next_file_number is 3, last_sequence is 0, log_number is 0,prev_log_number is 0,max_column_family is 0,min_log_number_to_keep is 0
2022/03/31-21:43:02.818938 7f1c5a344000 [db/version_set.cc:4684] Column family [default] (ID 0), log number is 0
2022/03/31-21:43:02.819015 7f1c5a344000 [db/version_set.cc:4119] Creating manifest 4
2022/03/31-21:43:02.825457 7f1c5a344000 [db/column_family.cc:598] --------------- Options for column family [meta]:
2022/03/31-21:43:02.825465 7f1c5a344000               Options.comparator: leveldb.BytewiseComparator
2022/03/31-21:43:02.825466 7f1c5a344000           Options.merge_operator: None
2022/03/31-21:43:02.825467 7f1c5a344000        Options.compaction_filter: None
2022/03/31-21:43:02.825472 7f1c5a344000        Options.compaction_filter_factory: purged_slot_filter_factory(meta)
2022/03/31-21:43:02.825473 7f1c5a344000  Options.sst_partitioner_factory: None
2022/03/31-21:43:02.825473 7f1c5a344000         Options.memtable_factory: SkipListFactory
2022/03/31-21:43:02.825474 7f1c5a344000            Options.table_factory: BlockBasedTable
2022/03/31-21:43:02.825490 7f1c5a344000            table_factory options:   flush_block_policy_factory: FlushBlockBySizePolicyFactory (0x5577c5cad9c0)
  cache_index_and_filter_blocks: 0
  cache_index_and_filter_blocks_with_high_priority: 1
  pin_l0_filter_and_index_blocks_in_cache: 0
  pin_top_level_index_and_filter: 1
  index_type: 0
  data_block_index_type: 0
  index_shortening: 1
  data_block_hash_table_util_ratio: 0.750000
  hash_index_allow_collision: 1
  checksum: 1
  no_block_cache: 0
  block_cache: 0x5577c5cada10
  block_cache_name: LRUCache
  block_cache_options:
    capacity : 8388608
    num_shard_bits : 4
    strict_capacity_limit : 0
    memory_allocator : None
    high_pri_pool_ratio: 0.000
  block_cache_compressed: (nil)
  persistent_cache: (nil)
  block_size: 4096
  block_size_deviation: 10
  block_restart_interval: 16
  index_block_restart_interval: 1
  metadata_block_size: 4096
  partition_filters: 0
  use_delta_encoding: 1
  filter_policy: nullptr
  whole_key_filtering: 1
  verify_compression: 0
  read_amp_bytes_per_bit: 0
  format_version: 5
  enable_index_compression: 1
  block_align: 0
2022/03/31-21:43:02.825491 7f1c5a344000        Options.write_buffer_size: 268435456
2022/03/31-21:43:02.825492 7f1c5a344000  Options.max_write_buffer_number: 8
2022/03/31-21:43:02.825493 7f1c5a344000          Options.compression: NoCompression
2022/03/31-21:43:02.825493 7f1c5a344000                  Options.bottommost_compression: Disabled
2022/03/31-21:43:02.825494 7f1c5a344000       Options.prefix_extractor: nullptr
2022/03/31-21:43:02.825495 7f1c5a344000   Options.memtable_insert_with_hint_prefix_extractor: nullptr
2022/03/31-21:43:02.825495 7f1c5a344000             Options.num_levels: 7
2022/03/31-21:43:02.825496 7f1c5a344000        Options.min_write_buffer_number_to_merge: 1
2022/03/31-21:43:02.825497 7f1c5a344000     Options.max_write_buffer_number_to_maintain: 0
2022/03/31-21:43:02.825497 7f1c5a344000     Options.max_write_buffer_size_to_maintain: 0
2022/03/31-21:43:02.825498 7f1c5a344000            Options.bottommost_compression_opts.window_bits: -14
2022/03/31-21:43:02.825498 7f1c5a344000                  Options.bottommost_compression_opts.level: 32767
2022/03/31-21:43:02.825499 7f1c5a344000               Options.bottommost_compression_opts.strategy: 0
2022/03/31-21:43:02.825500 7f1c5a344000         Options.bottommost_compression_opts.max_dict_bytes: 0
2022/03/31-21:43:02.825500 7f1c5a344000         Options.bottommost_compression_opts.zstd_max_train_bytes: 0
2022/03/31-21:43:02.825501 7f1c5a344000         Options.bottommost_compression_opts.parallel_threads: 1
2022/03/31-21:43:02.825501 7f1c5a344000                  Options.bottommost_compression_opts.enabled: false
2022/03/31-21:43:02.825502 7f1c5a344000         Options.bottommost_compression_opts.max_dict_buffer_bytes: 0
2022/03/31-21:43:02.825503 7f1c5a344000            Options.compression_opts.window_bits: -14
2022/03/31-21:43:02.825503 7f1c5a344000                  Options.compression_opts.level: 32767
2022/03/31-21:43:02.825504 7f1c5a344000               Options.compression_opts.strategy: 0
2022/03/31-21:43:02.825504 7f1c5a344000         Options.compression_opts.max_dict_bytes: 0
2022/03/31-21:43:02.825505 7f1c5a344000         Options.compression_opts.zstd_max_train_bytes: 0
2022/03/31-21:43:02.825506 7f1c5a344000         Options.compression_opts.parallel_threads: 1
2022/03/31-21:43:02.825553 7f1c5a344000                  Options.compression_opts.enabled: false
2022/03/31-21:43:02.825554 7f1c5a344000         Options.compression_opts.max_dict_buffer_bytes: 0
2022/03/31-21:43:02.825555 7f1c5a344000      Options.level0_file_num_compaction_trigger: 4
2022/03/31-21:43:02.825556 7f1c5a344000          Options.level0_slowdown_writes_trigger: 20
2022/03/31-21:43:02.825556 7f1c5a344000              Options.level0_stop_writes_trigger: 36
2022/03/31-21:43:02.825557 7f1c5a344000                   Options.target_file_size_base: 107374182
2022/03/31-21:43:02.825558 7f1c5a344000             Options.target_file_size_multiplier: 1
2022/03/31-21:43:02.825558 7f1c5a344000                Options.max_bytes_for_level_base: 1073741824
2022/03/31-21:43:02.825559 7f1c5a344000 Options.level_compaction_dynamic_level_bytes: 0
2022/03/31-21:43:02.825560 7f1c5a344000          Options.max_bytes_for_level_multiplier: 10.000000
2022/03/31-21:43:02.825561 7f1c5a344000 Options.max_bytes_for_level_multiplier_addtl[0]: 1
2022/03/31-21:43:02.825562 7f1c5a344000 Options.max_bytes_for_level_multiplier_addtl[1]: 1
2022/03/31-21:43:02.825563 7f1c5a344000 Options.max_bytes_for_level_multiplier_addtl[2]: 1
2022/03/31-21:43:02.825563 7f1c5a344000 Options.max_bytes_for_level_multiplier_addtl[3]: 1
2022/03/31-21:43:02.825564 7f1c5a344000 Options.max_bytes_for_level_multiplier_addtl[4]: 1
2022/03/31-21:43:02.825564 7f1c5a344000 Options.max_bytes_for_level_multiplier_addtl[5]: 1
2022/03/31-21:43:02.825565 7f1c5a344000 Options.max_bytes_for_level_multiplier_addtl[6]: 1
2022/03/31-21:43:02.825565 7f1c5a344000       Options.max_sequential_skip_in_iterations: 8
2022/03/31-21:43:02.825566 7f1c5a344000                    Options.max_compaction_bytes: 2684354550
2022/03/31-21:43:02.825566 7f1c5a344000                        Options.arena_block_size: 33554432
2022/03/31-21:43:02.825567 7f1c5a344000   Options.soft_pending_compaction_bytes_limit: 68719476736
2022/03/31-21:43:02.825568 7f1c5a344000   Options.hard_pending_compaction_bytes_limit: 274877906944
2022/03/31-21:43:02.825568 7f1c5a344000       Options.rate_limit_delay_max_milliseconds: 100
2022/03/31-21:43:02.825569 7f1c5a344000                Options.disable_auto_compactions: 0
2022/03/31-21:43:02.825571 7f1c5a344000                        Options.compaction_style: kCompactionStyleLevel
2022/03/31-21:43:02.825572 7f1c5a344000                          Options.compaction_pri: kMinOverlappingRatio
2022/03/31-21:43:02.825572 7f1c5a344000 Options.compaction_options_universal.size_ratio: 1
2022/03/31-21:43:02.825573 7f1c5a344000 Options.compaction_options_universal.min_merge_width: 2
2022/03/31-21:43:02.825574 7f1c5a344000 Options.compaction_options_universal.max_merge_width: 4294967295
2022/03/31-21:43:02.825574 7f1c5a344000 Options.compaction_options_universal.max_size_amplification_percent: 200
2022/03/31-21:43:02.825575 7f1c5a344000 Options.compaction_options_universal.compression_size_percent: -1
2022/03/31-21:43:02.825576 7f1c5a344000 Options.compaction_options_universal.stop_style: kCompactionStopStyleTotalSize
2022/03/31-21:43:02.825577 7f1c5a344000 Options.compaction_options_fifo.max_table_files_size: 1073741824
2022/03/31-21:43:02.825577 7f1c5a344000 Options.compaction_options_fifo.allow_compaction: 0
2022/03/31-21:43:02.825584 7f1c5a344000                   Options.table_properties_collectors: 
2022/03/31-21:43:02.825584 7f1c5a344000                   Options.inplace_update_support: 0
2022/03/31-21:43:02.825585 7f1c5a344000                 Options.inplace_update_num_locks: 10000
2022/03/31-21:43:02.825585 7f1c5a344000               Options.memtable_prefix_bloom_size_ratio: 0.000000
2022/03/31-21:43:02.825586 7f1c5a344000               Options.memtable_whole_key_filtering: 0
2022/03/31-21:43:02.825587 7f1c5a344000   Options.memtable_huge_page_size: 0
2022/03/31-21:43:02.825587 7f1c5a344000                           Options.bloom_locality: 0
2022/03/31-21:43:02.825588 7f1c5a344000                    Options.max_successive_merges: 0
2022/03/31-21:43:02.825596 7f1c5a344000                Options.optimize_filters_for_hits: 0
2022/03/31-21:43:02.825597 7f1c5a344000                Options.paranoid_file_checks: 0
2022/03/31-21:43:02.825597 7f1c5a344000                Options.force_consistency_checks: 1
2022/03/31-21:43:02.825598 7f1c5a344000                Options.report_bg_io_stats: 0
2022/03/31-21:43:02.825598 7f1c5a344000                               Options.ttl: 2592000
2022/03/31-21:43:02.825599 7f1c5a344000          Options.periodic_compaction_seconds: 2592000
2022/03/31-21:43:02.825599 7f1c5a344000                    Options.enable_blob_files: false
2022/03/31-21:43:02.825600 7f1c5a344000                        Options.min_blob_size: 0
2022/03/31-21:43:02.825601 7f1c5a344000                       Options.blob_file_size: 268435456
2022/03/31-21:43:02.825602 7f1c5a344000                Options.blob_compression_type: NoCompression
2022/03/31-21:43:02.825602 7f1c5a344000       Options.enable_blob_garbage_collection: false
2022/03/31-21:43:02.825603 7f1c5a344000   Options.blob_garbage_collection_age_cutoff: 0.250000
2022/03/31-21:43:02.825632 7f1c5a344000 [db/db_impl/db_impl.cc:2662] Created column family [meta] (ID 1)
2022/03/31-21:43:02.830795 7f1c5a344000 [db/column_family.cc:598] --------------- Options for column family [dead_slots]:
2022/03/31-21:43:02.830801 7f1c5a344000               Options.comparator: leveldb.BytewiseComparator
2022/03/31-21:43:02.830802 7f1c5a344000           Options.merge_operator: None
2022/03/31-21:43:02.830803 7f1c5a344000        Options.compaction_filter: None
2022/03/31-21:43:02.830804 7f1c5a344000        Options.compaction_filter_factory: purged_slot_filter_factory(dead_slots)
2022/03/31-21:43:02.830805 7f1c5a344000  Options.sst_partitioner_factory: None
2022/03/31-21:43:02.830806 7f1c5a344000         Options.memtable_factory: SkipListFactory
2022/03/31-21:43:02.830806 7f1c5a344000            Options.table_factory: BlockBasedTable
2022/03/31-21:43:02.830823 7f1c5a344000            table_factory options:   flush_block_policy_factory: FlushBlockBySizePolicyFactory (0x5577c5cafc10)
  cache_index_and_filter_blocks: 0
  cache_index_and_filter_blocks_with_high_priority: 1
  pin_l0_filter_and_index_blocks_in_cache: 0
  pin_top_level_index_and_filter: 1
  index_type: 0
  data_block_index_type: 0
  index_shortening: 1
  data_block_hash_table_util_ratio: 0.750000
  hash_index_allow_collision: 1
  checksum: 1
  no_block_cache: 0
  block_cache: 0x5577c5cafc60
  block_cache_name: LRUCache
  block_cache_options:
    capacity : 8388608
    num_shard_bits : 4
    strict_capacity_limit : 0
    memory_allocator : None
    high_pri_pool_ratio: 0.000
  block_cache_compressed: (nil)
  persistent_cache: (nil)
  block_size: 4096
  block_size_deviation: 10
  block_restart_interval: 16
  index_block_restart_interval: 1
  metadata_block_size: 4096
  partition_filters: 0
  use_delta_encoding: 1
  filter_policy: nullptr
  whole_key_filtering: 1
  verify_compression: 0
  read_amp_bytes_per_bit: 0
  format_version: 5
  enable_index_compression: 1
  block_align: 0
2022/03/31-21:43:02.830824 7f1c5a344000        Options.write_buffer_size: 268435456
2022/03/31-21:43:02.830825 7f1c5a344000  Options.max_write_buffer_number: 8
2022/03/31-21:43:02.830826 7f1c5a344000          Options.compression: NoCompression
2022/03/31-21:43:02.830827 7f1c5a344000                  Options.bottommost_compression: Disabled
2022/03/31-21:43:02.830827 7f1c5a344000       Options.prefix_extractor: nullptr
2022/03/31-21:43:02.830828 7f1c5a344000   Options.memtable_insert_with_hint_prefix_extractor: nullptr
2022/03/31-21:43:02.830829 7f1c5a344000             Options.num_levels: 7
2022/03/31-21:43:02.830830 7f1c5a344000        Options.min_write_buffer_number_to_merge: 1
2022/03/31-21:43:02.830830 7f1c5a344000     Options.max_write_buffer_number_to_maintain: 0
2022/03/31-21:43:02.830831 7f1c5a344000     Options.max_write_buffer_size_to_maintain: 0
2022/03/31-21:43:02.830831 7f1c5a344000            Options.bottommost_compression_opts.window_bits: -14
2022/03/31-21:43:02.830832 7f1c5a344000                  Options.bottommost_compression_opts.level: 32767
2022/03/31-21:43:02.830833 7f1c5a344000               Options.bottommost_compression_opts.strategy: 0
2022/03/31-21:43:02.830833 7f1c5a344000         Options.bottommost_compression_opts.max_dict_bytes: 0
2022/03/31-21:43:02.830834 7f1c5a344000         Options.bottommost_compression_opts.zstd_max_train_bytes: 0
2022/03/31-21:43:02.830834 7f1c5a344000         Options.bottommost_compression_opts.parallel_threads: 1
2022/03/31-21:43:02.830835 7f1c5a344000                  Options.bottommost_compression_opts.enabled: false
2022/03/31-21:43:02.830836 7f1c5a344000         Options.bottommost_compression_opts.max_dict_buffer_bytes: 0
2022/03/31-21:43:02.830836 7f1c5a344000            Options.compression_opts.window_bits: -14
2022/03/31-21:43:02.830837 7f1c5a344000                  Options.compression_opts.level: 32767
2022/03/31-21:43:02.830837 7f1c5a344000               Options.compression_opts.strategy: 0
2022/03/31-21:43:02.830838 7f1c5a344000         Options.compression_opts.max_dict_bytes: 0
2022/03/31-21:43:02.830839 7f1c5a344000         Options.compression_opts.zstd_max_train_bytes: 0
2022/03/31-21:43:02.830839 7f1c5a344000         Options.compression_opts.parallel_threads: 1
2022/03/31-21:43:02.830866 7f1c5a344000                  Options.compression_opts.enabled: false
2022/03/31-21:43:02.830867 7f1c5a344000         Options.compression_opts.max_dict_buffer_bytes: 0
2022/03/31-21:43:02.830868 7f1c5a344000      Options.level0_file_num_compaction_trigger: 4
2022/03/31-21:43:02.830869 7f1c5a344000          Options.level0_slowdown_writes_trigger: 20
2022/03/31-21:43:02.830869 7f1c5a344000              Options.level0_stop_writes_trigger: 36
2022/03/31-21:43:02.830870 7f1c5a344000                   Options.target_file_size_base: 107374182
2022/03/31-21:43:02.830871 7f1c5a344000             Options.target_file_size_multiplier: 1
2022/03/31-21:43:02.830871 7f1c5a344000                Options.max_bytes_for_level_base: 1073741824
2022/03/31-21:43:02.830872 7f1c5a344000 Options.level_compaction_dynamic_level_bytes: 0
2022/03/31-21:43:02.830872 7f1c5a344000          Options.max_bytes_for_level_multiplier: 10.000000
2022/03/31-21:43:02.830874 7f1c5a344000 Options.max_bytes_for_level_multiplier_addtl[0]: 1
2022/03/31-21:43:02.830875 7f1c5a344000 Options.max_bytes_for_level_multiplier_addtl[1]: 1
2022/03/31-21:43:02.830875 7f1c5a344000 Options.max_bytes_for_level_multiplier_addtl[2]: 1
2022/03/31-21:43:02.830876 7f1c5a344000 Options.max_bytes_for_level_multiplier_addtl[3]: 1
2022/03/31-21:43:02.830876 7f1c5a344000 Options.max_bytes_for_level_multiplier_addtl[4]: 1
2022/03/31-21:43:02.830877 7f1c5a344000 Options.max_bytes_for_level_multiplier_addtl[5]: 1
2022/03/31-21:43:02.830878 7f1c5a344000 Options.max_bytes_for_level_multiplier_addtl[6]: 1
2022/03/31-21:43:02.830878 7f1c5a344000       Options.max_sequential_skip_in_iterations: 8
2022/03/31-21:43:02.830879 7f1c5a344000                    Options.max_compaction_bytes: 2684354550
2022/03/31-21:43:02.830879 7f1c5a344000                        Options.arena_block_size: 33554432
2022/03/31-21:43:02.830880 7f1c5a344000   Options.soft_pending_compaction_bytes_limit: 68719476736
2022/03/31-21:43:02.830881 7f1c5a344000   Options.hard_pending_compaction_bytes_limit: 274877906944
2022/03/31-21:43:02.830881 7f1c5a344000       Options.rate_limit_delay_max_milliseconds: 100
2022/03/31-21:43:02.830882 7f1c5a344000                Options.disable_auto_compactions: 0
2022/03/31-21:43:02.830883 7f1c5a344000                        Options.compaction_style: kCompactionStyleLevel
2022/03/31-21:43:02.830884 7f1c5a344000                          Options.compaction_pri: kMinOverlappingRatio
2022/03/31-21:43:02.830885 7f1c5a344000 Options.compaction_options_universal.size_ratio: 1
2022/03/31-21:43:02.830885 7f1c5a344000 Options.compaction_options_universal.min_merge_width: 2
2022/03/31-21:43:02.830886 7f1c5a344000 Options.compaction_options_universal.max_merge_width: 4294967295
2022/03/31-21:43:02.830887 7f1c5a344000 Options.compaction_options_universal.max_size_amplification_percent: 200
2022/03/31-21:43:02.830887 7f1c5a344000 Options.compaction_options_universal.compression_size_percent: -1
2022/03/31-21:43:02.830888 7f1c5a344000 Options.compaction_options_universal.stop_style: kCompactionStopStyleTotalSize
2022/03/31-21:43:02.830889 7f1c5a344000 Options.compaction_options_fifo.max_table_files_size: 1073741824
2022/03/31-21:43:02.830889 7f1c5a344000 Options.compaction_options_fifo.allow_compaction: 0
2022/03/31-21:43:02.830895 7f1c5a344000                   Options.table_properties_collectors: 
2022/03/31-21:43:02.830896 7f1c5a344000                   Options.inplace_update_support: 0
2022/03/31-21:43:02.830897 7f1c5a344000                 Options.inplace_update_num_locks: 10000
2022/03/31-21:43:02.830897 7f1c5a344000               Options.memtable_prefix_bloom_size_ratio: 0.000000
2022/03/31-21:43:02.830898 7f1c5a344000               Options.memtable_whole_key_filtering: 0
2022/03/31-21:43:02.830898 7f1c5a344000   Options.memtable_huge_page_size: 0
2022/03/31-21:43:02.830899 7f1c5a344000                           Options.bloom_locality: 0
2022/03/31-21:43:02.830900 7f1c5a344000                    Options.max_successive_merges: 0
2022/03/31-21:43:02.830923 7f1c5a344000                Options.optimize_filters_for_hits: 0
2022/03/31-21:43:02.830925 7f1c5a344000                Options.paranoid_file_checks: 0
2022/03/31-21:43:02.830925 7f1c5a344000                Options.force_consistency_checks: 1
2022/03/31-21:43:02.830926 7f1c5a344000                Options.report_bg_io_stats: 0
2022/03/31-21:43:02.830926 7f1c5a344000                               Options.ttl: 2592000
2022/03/31-21:43:02.830927 7f1c5a344000          Options.periodic_compaction_seconds: 2592000
2022/03/31-21:43:02.830927 7f1c5a344000                    Options.enable_blob_files: false
2022/03/31-21:43:02.830928 7f1c5a344000                        Options.min_blob_size: 0
2022/03/31-21:43:02.830929 7f1c5a344000                       Options.blob_file_size: 268435456
2022/03/31-21:43:02.830930 7f1c5a344000                Options.blob_compression_type: NoCompression
2022/03/31-21:43:02.830930 7f1c5a344000       Options.enable_blob_garbage_collection: false
2022/03/31-21:43:02.830931 7f1c5a344000   Options.blob_garbage_collection_age_cutoff: 0.250000
2022/03/31-21:43:02.830954 7f1c5a344000 [db/db_impl/db_impl.cc:2662] Created column family [dead_slots] (ID 2)
2022/03/31-21:43:02.835330 7f1c5a344000 [db/column_family.cc:598] --------------- Options for column family [duplicate_slots]:
2022/03/31-21:43:02.835337 7f1c5a344000               Options.comparator: leveldb.BytewiseComparator
2022/03/31-21:43:02.835338 7f1c5a344000           Options.merge_operator: None
2022/03/31-21:43:02.835339 7f1c5a344000        Options.compaction_filter: None
2022/03/31-21:43:02.835340 7f1c5a344000        Options.compaction_filter_factory: purged_slot_filter_factory(duplicate_slots)
2022/03/31-21:43:02.835341 7f1c5a344000  Options.sst_partitioner_factory: None
2022/03/31-21:43:02.835342 7f1c5a344000         Options.memtable_factory: SkipListFactory
2022/03/31-21:43:02.835342 7f1c5a344000            Options.table_factory: BlockBasedTable
2022/03/31-21:43:02.835360 7f1c5a344000            table_factory options:   flush_block_policy_factory: FlushBlockBySizePolicyFactory (0x5577c5ca8fd0)
  cache_index_and_filter_blocks: 0
  cache_index_and_filter_blocks_with_high_priority: 1
  pin_l0_filter_and_index_blocks_in_cache: 0
  pin_top_level_index_and_filter: 1
  index_type: 0
  data_block_index_type: 0
  index_shortening: 1
  data_block_hash_table_util_ratio: 0.750000
  hash_index_allow_collision: 1
  checksum: 1
  no_block_cache: 0
  block_cache: 0x5577c5cb1e70
  block_cache_name: LRUCache
  block_cache_options:
    capacity : 8388608
    num_shard_bits : 4
    strict_capacity_limit : 0
    memory_allocator : None
    high_pri_pool_ratio: 0.000
  block_cache_compressed: (nil)
  persistent_cache: (nil)
  block_size: 4096
  block_size_deviation: 10
  block_restart_interval: 16
  index_block_restart_interval: 1
  metadata_block_size: 4096
  partition_filters: 0
  use_delta_encoding: 1
  filter_policy: nullptr
  whole_key_filtering: 1
  verify_compression: 0
  read_amp_bytes_per_bit: 0
  format_version: 5
  enable_index_compression: 1
  block_align: 0
2022/03/31-21:43:02.835361 7f1c5a344000        Options.write_buffer_size: 268435456
2022/03/31-21:43:02.835362 7f1c5a344000  Options.max_write_buffer_number: 8
2022/03/31-21:43:02.835363 7f1c5a344000          Options.compression: NoCompression
2022/03/31-21:43:02.835363 7f1c5a344000                  Options.bottommost_compression: Disabled
2022/03/31-21:43:02.835364 7f1c5a344000       Options.prefix_extractor: nullptr
2022/03/31-21:43:02.835364 7f1c5a344000   Options.memtable_insert_with_hint_prefix_extractor: nullptr
